public static final double[] FUNCTION_VALUES = {
    0.000000000000000,
    0.051495895196886,
    0.096094738294832,
    0.138414548846169,
    0.179319122284347,
    0.219202557135275,
    0.258290681164316,
    0.296729584373003,
    0.334621314209439,
    0.372041058011301,
    0.409046435272887,
    0.445682959050580,
    0.481987453865644,
    0.517990302630457,
    0.553716983570032,
    0.589189156452233,
    0.624425451657621,
    0.659442056944192,
    0.694253162661607,
    0.728871305550240,
    0.763307638360257,
    0.797572144212075,
    0.831673809119878,
    0.865620762376747,
    0.899420391926941,
    0.933079440039514,
    0.966604083300704,
    1.000000000000000,
};
