public static final double[] FUNCTION_VALUES = {
    0.000000000000000,
    0.438691337650831,
    0.521694860024429,
    0.577350269189626,
    0.620403239401400,
    0.655996557088477,
    0.686589047969039,
    0.713565047642691,
    0.737787946466881,
    0.759835685651593,
    0.780115773106905,
    0.798927242309477,
    0.816496580927726,
    0.832999799813128,
    0.848576631673943,
    0.863340021370451,
    0.877382675301662,
    0.890781705927929,
    0.903602003609845,
    0.915898735018158,
    0.927719227904580,
    0.939104415753752,
    0.950089960923933,
    0.960707139034002,
    0.970983543414647,
    0.980943652127571,
    0.990609288733614,
    1.000000000000000,
};
